###############################################################################
Indian_pines_60

PaviaU
oa:0.802652624326386 aa:0.7251862658317282 kappa:0.7317470062394245
num_band_seclection:14
band_loction:[5, 8, 13, 17, 22, 25, 38, 40, 68, 71, 76, 78, 97, 100]
per_class_acc:[0.98333069 0.97172207 0.69508526 0.97629681 1.         0.40853914
 0.40189873 0.10091481 0.98888889]
train_time:11.89450029999999 test_time:5.673172500000007
###############################################################################
Indian_pines_60

PaviaU
oa:0.7968453948177858 aa:0.7381857106521355 kappa:0.7374494288289427
num_band_seclection:51
band_loction:[1, 2, 6, 9, 11, 12, 13, 14, 16, 17, 18, 19, 23, 25, 26, 30, 31, 32, 34, 36, 39, 43, 44, 47, 49, 51, 56, 57, 58, 59, 61, 62, 67, 69, 70, 71, 73, 77, 79, 81, 85, 86, 87, 88, 92, 94, 97, 98, 99, 100, 101]
per_class_acc:[0.71249405 0.8359203  0.09077232 0.98454139 1.         0.87902888
 0.17009494 0.9897084  0.98111111]
train_time:7.90779289999999 test_time:4.709604500000012
